2906.0      5612
5607.0        93
2856.0        77
2119.0        60
5645.0        46
5432.0        43
41164.0       14
5466.0        14
39651.0       13
29695.0       12
3265.0        12
11404.0       12
6871.0        12
4739.0        11
15659.0       11
23655.0       11
5056.0        10
21949.0       10
6730.0         8
12392.0        8
16735.0        8
29518.0        7
2116.0         6
15290.0        6
9790.0         5
6079.0         5
4773.0         4
2603.0         4
8767.0         4
14877.0        4
13030.0        4
10084.0        3
701.0          3
209.0          3
7545.0         2
53347.0        2
20375.0        2
4802.0         2
9145.0         2
53005.0        1
28329.0        1
14369.0        1
21928.0        1
28135.0        1
262713.0       1
5050.0         1
52720.0        1